arinalrfor	arinalrfor	100.00	16955	0	0	1	16955	1	16955	0.0	3.131e+04
arinalrfor	arinalrfor	93.97	232	14	0	13527	13758	8545	8776	3e-97	 351
arinalrfor	arinalrfor	93.97	232	14	0	8545	8776	13527	13758	3e-97	 351
arinalrfor	landmark	100.00	11314	0	0	331	11644	331	11644	0.0	2.089e+04
arinalrfor	landmark	100.00	5240	0	0	11716	16955	11961	17200	0.0	9677
arinalrfor	landmark	93.97	232	14	0	13527	13758	8545	8776	3e-97	 351
arinalrfor	landmark	93.97	232	14	0	8545	8776	13772	14003	3e-97	 351
arinalrfor	landmark	100.00	141	0	0	74	214	1	141	6e-70	 261
arinalrfor	mattis	100.00	11313	0	0	331	11643	331	11643	0.0	2.089e+04
arinalrfor	mattis	100.00	5261	0	0	11695	16955	11701	16961	0.0	9716
arinalrfor	mattis	93.97	232	14	0	13527	13758	8545	8776	3e-97	 351
arinalrfor	mattis	93.97	232	14	0	8545	8776	13533	13764	3e-97	 351
arinalrfor	mattis	100.00	150	0	0	77	226	1	150	6e-75	 278
arinalrfor	spelta	99.99	11314	1	0	331	11644	331	11644	0.0	2.089e+04
arinalrfor	spelta	100.00	5266	0	0	11690	16955	11646	16911	0.0	9725
arinalrfor	spelta	93.97	232	14	0	13527	13758	8545	8776	3e-97	 351
arinalrfor	spelta	93.97	232	14	0	8545	8776	13483	13714	3e-97	 351
arinalrfor	jagger	100.00	11303	0	0	331	11633	331	11633	0.0	2.087e+04
arinalrfor	jagger	100.00	5239	0	0	11717	16955	11851	17089	0.0	9675
arinalrfor	jagger	93.97	232	14	0	13527	13758	8545	8776	3e-97	 351
arinalrfor	jagger	93.97	232	14	0	8545	8776	13661	13892	3e-97	 351
arinalrfor	jagger	100.00	106	0	0	103	208	1	106	2e-50	 196
arinalrfor	julius	100.00	11303	0	0	331	11633	331	11633	0.0	2.087e+04
arinalrfor	julius	100.00	5218	0	0	11738	16955	11778	16995	0.0	9636
arinalrfor	julius	93.97	232	14	0	13527	13758	8545	8776	3e-97	 351
arinalrfor	julius	93.97	232	14	0	8545	8776	13567	13798	3e-97	 351
arinalrfor	julius	100.00	67	0	0	145	211	1	67	8e-29	 124
arinalrfor	norin61	99.96	11314	2	1	331	11644	334	11644	0.0	2.086e+04
arinalrfor	norin61	100.00	5266	0	0	11690	16955	11646	16911	0.0	9725
arinalrfor	norin61	100.00	219	0	0	1	219	11	229	3e-113	 405
arinalrfor	norin61	93.97	232	14	0	13527	13758	8545	8776	3e-97	 351
arinalrfor	norin61	93.97	232	14	0	8545	8776	13483	13714	3e-97	 351
arinalrfor	stanley	100.00	11295	0	0	343	11637	343	11637	0.0	2.086e+04
arinalrfor	stanley	100.00	5228	0	0	11728	16955	11983	17210	0.0	9655
arinalrfor	stanley	93.97	232	14	0	13527	13758	8545	8776	3e-97	 351
arinalrfor	stanley	93.97	232	14	0	8545	8776	13782	14013	3e-97	 351
arinalrfor	stanley	100.00	186	0	0	37	222	1	186	6e-95	 344
arinalrfor	mace	99.98	11291	2	0	331	11621	331	11621	0.0	2.084e+04
arinalrfor	mace	99.98	5260	1	0	11696	16955	11665	16924	0.0	9708
arinalrfor	mace	93.97	232	14	0	13527	13758	8545	8776	3e-97	 351
arinalrfor	mace	93.97	232	14	0	8545	8776	13496	13727	3e-97	 351
arinalrfor	mace	100.00	179	0	0	48	226	1	179	4e-91	 331
arinalrfor	IWGSC	99.69	11316	28	7	331	11644	332	11642	0.0	2.070e+04
arinalrfor	IWGSC	99.63	1887	7	0	15069	16955	12023	13909	0.0	3446
arinalrfor	IWGSC	99.48	382	1	1	11693	12074	11644	12024	0.0	 693
arinalrfor	IWGSC	93.97	232	14	0	13527	13758	8543	8774	3e-97	 351
arinalrfor	lancer	99.40	11326	51	10	331	11644	331	11651	0.0	2.052e+04
arinalrfor	lancer	99.26	5268	33	4	11690	16953	11653	16918	0.0	9507
arinalrfor	lancer	93.97	232	14	0	13527	13758	8552	8783	3e-97	 351
arinalrfor	lancer	93.10	232	16	0	8545	8776	13491	13722	7e-94	 340
arinalrfor	lancer	93.72	207	1	1	20	226	1	195	1e-81	 300
norin61	norin61	100.00	16911	0	0	1	16911	1	16911	0.0	3.123e+04
norin61	norin61	93.97	232	14	0	13483	13714	8545	8776	3e-97	 351
norin61	norin61	93.97	232	14	0	8545	8776	13483	13714	3e-97	 351
norin61	spelta	99.98	16604	1	1	311	16911	308	16911	0.0	3.064e+04
norin61	spelta	93.97	232	14	0	13483	13714	8545	8776	3e-97	 351
norin61	spelta	93.97	232	14	0	8545	8776	13483	13714	3e-97	 351
norin61	lancer	99.34	16618	84	14	311	16909	308	16918	0.0	3.006e+04
norin61	lancer	93.97	232	14	0	13483	13714	8552	8783	3e-97	 351
norin61	lancer	93.10	232	16	0	8545	8776	13491	13722	7e-94	 340
norin61	lancer	93.50	200	1	1	30	229	1	188	1e-77	 287
norin61	IWGSC	99.63	11725	29	9	311	12030	309	12024	0.0	2.140e+04
norin61	IWGSC	99.63	1887	7	0	15025	16911	12023	13909	0.0	3446
norin61	IWGSC	93.97	232	14	0	13483	13714	8543	8774	3e-97	 351
norin61	landmark	99.96	11327	2	1	323	11646	320	11646	0.0	2.089e+04
norin61	landmark	100.00	5240	0	0	11672	16911	11961	17200	0.0	9677
norin61	landmark	93.97	232	14	0	13483	13714	8545	8776	3e-97	 351
norin61	landmark	93.97	232	14	0	8545	8776	13772	14003	3e-97	 351
norin61	landmark	100.00	141	0	0	84	224	1	141	6e-70	 261
norin61	mattis	99.96	11320	2	1	327	11643	324	11643	0.0	2.087e+04
norin61	mattis	100.00	5261	0	0	11651	16911	11701	16961	0.0	9716
norin61	mattis	93.97	232	14	0	13483	13714	8545	8776	3e-97	 351
norin61	mattis	93.97	232	14	0	8545	8776	13533	13764	3e-97	 351
norin61	mattis	100.00	143	0	0	87	229	1	143	5e-71	 265
norin61	jagger	99.96	11318	2	1	319	11633	316	11633	0.0	2.087e+04
norin61	jagger	100.00	5239	0	0	11673	16911	11851	17089	0.0	9675
norin61	jagger	93.97	232	14	0	13483	13714	8545	8776	3e-97	 351
norin61	jagger	93.97	232	14	0	8545	8776	13661	13892	3e-97	 351
norin61	jagger	100.00	106	0	0	113	218	1	106	2e-50	 196
norin61	arinalrfor	99.96	11314	2	1	334	11644	331	11644	0.0	2.086e+04
norin61	arinalrfor	100.00	5266	0	0	11646	16911	11690	16955	0.0	9725
norin61	arinalrfor	100.00	219	0	0	11	229	1	219	3e-113	 405
norin61	arinalrfor	93.97	232	14	0	13483	13714	8545	8776	3e-97	 351
norin61	arinalrfor	93.97	232	14	0	8545	8776	13527	13758	3e-97	 351
norin61	mace	99.96	11310	2	1	315	11621	312	11621	0.0	2.086e+04
norin61	mace	99.98	5260	1	0	11652	16911	11665	16924	0.0	9708
norin61	mace	93.97	232	14	0	13483	13714	8545	8776	3e-97	 351
norin61	mace	93.97	232	14	0	8545	8776	13496	13727	3e-97	 351
norin61	mace	100.00	172	0	0	58	229	1	172	3e-87	 318
norin61	julius	99.96	11309	2	1	328	11633	325	11633	0.0	2.085e+04
norin61	julius	100.00	5218	0	0	11694	16911	11778	16995	0.0	9636
norin61	julius	93.97	232	14	0	13483	13714	8545	8776	3e-97	 351
norin61	julius	93.97	232	14	0	8545	8776	13567	13798	3e-97	 351
norin61	julius	100.00	67	0	0	155	221	1	67	8e-29	 124
norin61	stanley	99.96	11295	2	1	346	11637	343	11637	0.0	2.083e+04
norin61	stanley	100.00	5228	0	0	11684	16911	11983	17210	0.0	9655
norin61	stanley	93.97	232	14	0	13483	13714	8545	8776	3e-97	 351
norin61	stanley	93.97	232	14	0	8545	8776	13782	14013	3e-97	 351
norin61	stanley	100.00	183	0	0	47	229	1	183	3e-93	 339
lancer	lancer	100.00	16918	0	0	1	16918	1	16918	0.0	3.124e+04
lancer	lancer	93.10	232	16	0	13491	13722	8552	8783	7e-94	 340
lancer	lancer	93.10	232	16	0	8552	8783	13491	13722	7e-94	 340
lancer	spelta	99.36	16624	83	13	302	16918	302	16909	0.0	3.009e+04
lancer	spelta	93.97	232	14	0	8552	8783	13483	13714	3e-97	 351
lancer	spelta	93.10	232	16	0	13491	13722	8545	8776	7e-94	 340
lancer	norin61	99.34	16618	84	14	308	16918	311	16909	0.0	3.006e+04
lancer	norin61	93.97	232	14	0	8552	8783	13483	13714	3e-97	 351
lancer	norin61	93.10	232	16	0	13491	13722	8545	8776	7e-94	 340
lancer	norin61	93.50	200	1	1	1	188	30	229	1e-77	 287
lancer	IWGSC	99.37	11740	53	11	302	12038	303	12024	0.0	2.125e+04
lancer	IWGSC	98.83	1888	18	2	15032	16918	12023	13907	0.0	3362
lancer	IWGSC	93.10	232	16	0	13491	13722	8543	8774	7e-94	 340
lancer	landmark	99.40	11339	51	10	320	11653	320	11646	0.0	2.055e+04
lancer	landmark	99.27	5241	33	3	11680	16918	11961	17198	0.0	9463
lancer	landmark	93.97	232	14	0	8552	8783	13772	14003	3e-97	 351
lancer	landmark	93.10	232	16	0	13491	13722	8545	8776	7e-94	 340
lancer	landmark	90.78	141	1	2	55	183	1	141	6e-45	 178
lancer	mattis	99.40	11332	51	10	324	11650	324	11643	0.0	2.053e+04
lancer	mattis	99.26	5263	33	4	11658	16918	11701	16959	0.0	9498
lancer	mattis	93.97	232	14	0	8552	8783	13533	13764	3e-97	 351
lancer	mattis	93.10	232	16	0	13491	13722	8545	8776	7e-94	 340
lancer	mattis	91.93	161	1	2	58	206	1	161	5e-56	 215
lancer	jagger	99.40	11330	51	10	316	11640	316	11633	0.0	2.053e+04
lancer	jagger	99.27	5240	33	3	11681	16918	11851	17087	0.0	9461
lancer	jagger	93.97	232	14	0	8552	8783	13661	13892	3e-97	 351
lancer	jagger	93.10	232	16	0	13491	13722	8545	8776	7e-94	 340
lancer	jagger	100.00	67	0	0	111	177	40	106	8e-29	 124
lancer	arinalrfor	99.40	11326	51	10	331	11651	331	11644	0.0	2.052e+04
lancer	arinalrfor	99.26	5268	33	4	11653	16918	11690	16953	0.0	9507
lancer	arinalrfor	93.97	232	14	0	8552	8783	13527	13758	3e-97	 351
lancer	arinalrfor	93.10	232	16	0	13491	13722	8545	8776	7e-94	 340
lancer	arinalrfor	93.72	207	1	1	1	195	20	226	1e-81	 300
lancer	mace	99.40	11322	51	10	312	11628	312	11621	0.0	2.052e+04
lancer	mace	99.24	5262	34	4	11659	16918	11665	16922	0.0	9491
lancer	mace	93.97	232	14	0	8552	8783	13496	13727	3e-97	 351
lancer	mace	93.10	232	16	0	13491	13722	8545	8776	7e-94	 340
lancer	mace	93.19	191	1	2	29	207	1	191	1e-72	 270
lancer	julius	99.40	11321	51	10	325	11640	325	11633	0.0	2.051e+04
lancer	julius	99.27	5219	33	3	11702	16918	11778	16993	0.0	9422
lancer	julius	93.97	232	14	0	8552	8783	13567	13798	3e-97	 351
lancer	julius	93.10	232	16	0	13491	13722	8545	8776	7e-94	 340
lancer	julius	100.00	67	0	0	114	180	1	67	8e-29	 124
lancer	stanley	99.40	11307	51	10	343	11644	343	11637	0.0	2.049e+04
lancer	stanley	99.27	5229	33	3	11692	16918	11983	17208	0.0	9441
lancer	stanley	93.97	232	14	0	8552	8783	13782	14013	3e-97	 351
lancer	stanley	93.10	232	16	0	13491	13722	8545	8776	7e-94	 340
lancer	stanley	93.01	186	1	1	18	191	1	186	6e-70	 261
mace	mace	100.00	16924	0	0	1	16924	1	16924	0.0	3.125e+04
mace	mace	93.97	232	14	0	13496	13727	8545	8776	3e-97	 351
mace	mace	93.97	232	14	0	8545	8776	13496	13727	3e-97	 351
mace	spelta	99.99	11310	1	0	312	11621	312	11621	0.0	2.088e+04
mace	spelta	99.98	5260	1	0	11665	16924	11652	16911	0.0	9708
mace	spelta	93.97	232	14	0	13496	13727	8545	8776	3e-97	 351
mace	spelta	93.97	232	14	0	8545	8776	13483	13714	3e-97	 351
mace	jagger	99.98	11306	2	0	316	11621	316	11621	0.0	2.087e+04
mace	jagger	99.98	5239	1	0	11686	16924	11851	17089	0.0	9670
mace	jagger	93.97	232	14	0	13496	13727	8545	8776	3e-97	 351
mace	jagger	93.97	232	14	0	8545	8776	13661	13892	3e-97	 351
mace	jagger	100.00	106	0	0	56	161	1	106	2e-50	 196
mace	landmark	99.98	11302	2	0	320	11621	320	11621	0.0	2.086e+04
mace	landmark	99.98	5240	1	0	11685	16924	11961	17200	0.0	9672
mace	landmark	93.97	232	14	0	13496	13727	8545	8776	3e-97	 351
mace	landmark	93.97	232	14	0	8545	8776	13772	14003	3e-97	 351
mace	landmark	100.00	141	0	0	27	167	1	141	6e-70	 261
mace	norin61	99.96	11310	2	1	312	11621	315	11621	0.0	2.086e+04
mace	norin61	99.98	5260	1	0	11665	16924	11652	16911	0.0	9708
mace	norin61	93.97	232	14	0	13496	13727	8545	8776	3e-97	 351
mace	norin61	93.97	232	14	0	8545	8776	13483	13714	3e-97	 351
mace	norin61	100.00	172	0	0	1	172	58	229	3e-87	 318
mace	mattis	99.98	11298	2	0	324	11621	324	11621	0.0	2.085e+04
mace	mattis	99.98	5260	1	0	11665	16924	11702	16961	0.0	9708
mace	mattis	93.97	232	14	0	13496	13727	8545	8776	3e-97	 351
mace	mattis	93.97	232	14	0	8545	8776	13533	13764	3e-97	 351
mace	mattis	100.00	161	0	0	30	190	1	161	5e-81	 298
mace	julius	99.98	11297	2	0	325	11621	325	11621	0.0	2.085e+04
mace	julius	99.98	5218	1	0	11707	16924	11778	16995	0.0	9631
mace	julius	93.97	232	14	0	13496	13727	8545	8776	3e-97	 351
mace	julius	93.97	232	14	0	8545	8776	13567	13798	3e-97	 351
mace	julius	100.00	67	0	0	98	164	1	67	8e-29	 124
mace	arinalrfor	99.98	11291	2	0	331	11621	331	11621	0.0	2.084e+04
mace	arinalrfor	99.98	5260	1	0	11665	16924	11696	16955	0.0	9708
mace	arinalrfor	93.97	232	14	0	13496	13727	8545	8776	3e-97	 351
mace	arinalrfor	93.97	232	14	0	8545	8776	13527	13758	3e-97	 351
mace	arinalrfor	100.00	179	0	0	1	179	48	226	4e-91	 331
mace	stanley	99.98	11279	2	0	343	11621	343	11621	0.0	2.082e+04
mace	stanley	99.98	5228	1	0	11697	16924	11983	17210	0.0	9649
mace	stanley	93.97	232	14	0	13496	13727	8545	8776	3e-97	 351
mace	stanley	93.97	232	14	0	8545	8776	13782	14013	3e-97	 351
mace	stanley	100.00	175	0	0	1	175	12	186	7e-89	 324
mace	IWGSC	99.69	11312	28	7	312	11621	313	11619	0.0	2.069e+04
mace	IWGSC	99.63	1887	7	0	15038	16924	12023	13909	0.0	3446
mace	IWGSC	99.47	379	2	0	11665	12043	11646	12024	0.0	 689
mace	IWGSC	93.97	232	14	0	13496	13727	8543	8774	3e-97	 351
mace	lancer	99.40	11322	51	10	312	11621	312	11628	0.0	2.052e+04
mace	lancer	99.24	5262	34	4	11665	16922	11659	16918	0.0	9491
mace	lancer	93.97	232	14	0	13496	13727	8552	8783	3e-97	 351
mace	lancer	93.10	232	16	0	8545	8776	13491	13722	7e-94	 340
mace	lancer	93.19	191	1	2	1	191	29	207	1e-72	 270
spelta	spelta	100.00	16911	0	0	1	16911	1	16911	0.0	3.119e+04
spelta	spelta	93.97	232	14	0	13483	13714	8545	8776	3e-97	 351
spelta	spelta	93.97	232	14	0	8545	8776	13483	13714	3e-97	 351
spelta	norin61	99.98	16604	1	1	308	16911	311	16911	0.0	3.064e+04
spelta	norin61	93.97	232	14	0	13483	13714	8545	8776	3e-97	 351
spelta	norin61	93.97	232	14	0	8545	8776	13483	13714	3e-97	 351
spelta	lancer	99.36	16624	83	13	302	16909	302	16918	0.0	3.009e+04
spelta	lancer	93.97	232	14	0	13483	13714	8552	8783	3e-97	 351
spelta	lancer	93.10	232	16	0	8545	8776	13491	13722	7e-94	 340
spelta	IWGSC	99.67	11736	28	8	297	12030	298	12024	0.0	2.145e+04
spelta	IWGSC	99.63	1887	7	0	15025	16911	12023	13909	0.0	3446
spelta	IWGSC	93.97	232	14	0	13483	13714	8543	8774	3e-97	 351
spelta	landmark	99.99	11327	1	0	320	11646	320	11646	0.0	2.091e+04
spelta	landmark	100.00	5240	0	0	11672	16911	11961	17200	0.0	9677
spelta	landmark	93.97	232	14	0	13483	13714	8545	8776	3e-97	 351
spelta	landmark	93.97	232	14	0	8545	8776	13772	14003	3e-97	 351
spelta	mattis	99.99	11320	1	0	324	11643	324	11643	0.0	2.090e+04
spelta	mattis	100.00	5261	0	0	11651	16911	11701	16961	0.0	9716
spelta	mattis	93.97	232	14	0	13483	13714	8545	8776	3e-97	 351
spelta	mattis	93.97	232	14	0	8545	8776	13533	13764	3e-97	 351
spelta	jagger	99.99	11318	1	0	316	11633	316	11633	0.0	2.090e+04
spelta	jagger	100.00	5239	0	0	11673	16911	11851	17089	0.0	9675
spelta	jagger	93.97	232	14	0	13483	13714	8545	8776	3e-97	 351
spelta	jagger	93.97	232	14	0	8545	8776	13661	13892	3e-97	 351
spelta	arinalrfor	99.99	11314	1	0	331	11644	331	11644	0.0	2.089e+04
spelta	arinalrfor	100.00	5266	0	0	11646	16911	11690	16955	0.0	9725
spelta	arinalrfor	93.97	232	14	0	13483	13714	8545	8776	3e-97	 351
spelta	arinalrfor	93.97	232	14	0	8545	8776	13527	13758	3e-97	 351
spelta	mace	99.99	11310	1	0	312	11621	312	11621	0.0	2.088e+04
spelta	mace	99.98	5260	1	0	11652	16911	11665	16924	0.0	9708
spelta	mace	93.97	232	14	0	13483	13714	8545	8776	3e-97	 351
spelta	mace	93.97	232	14	0	8545	8776	13496	13727	3e-97	 351
spelta	julius	99.99	11309	1	0	325	11633	325	11633	0.0	2.088e+04
spelta	julius	100.00	5218	0	0	11694	16911	11778	16995	0.0	9636
spelta	julius	93.97	232	14	0	13483	13714	8545	8776	3e-97	 351
spelta	julius	93.97	232	14	0	8545	8776	13567	13798	3e-97	 351
spelta	stanley	99.99	11295	1	0	343	11637	343	11637	0.0	2.085e+04
spelta	stanley	100.00	5228	0	0	11684	16911	11983	17210	0.0	9655
spelta	stanley	93.97	232	14	0	13483	13714	8545	8776	3e-97	 351
spelta	stanley	93.97	232	14	0	8545	8776	13782	14013	3e-97	 351
mattis	mattis	100.00	16961	0	0	1	16961	1	16961	0.0	3.132e+04
mattis	mattis	93.97	232	14	0	13533	13764	8545	8776	3e-97	 351
mattis	mattis	93.97	232	14	0	8545	8776	13533	13764	3e-97	 351
mattis	landmark	100.00	11320	0	0	324	11643	324	11643	0.0	2.091e+04
mattis	landmark	100.00	5240	0	0	11722	16961	11961	17200	0.0	9677
mattis	landmark	93.97	232	14	0	13533	13764	8545	8776	3e-97	 351
mattis	landmark	93.97	232	14	0	8545	8776	13772	14003	3e-97	 351
mattis	landmark	100.00	138	0	0	1	138	4	141	3e-68	 255
mattis	spelta	99.99	11320	1	0	324	11643	324	11643	0.0	2.090e+04
mattis	spelta	100.00	5261	0	0	11701	16961	11651	16911	0.0	9716
mattis	spelta	93.97	232	14	0	13533	13764	8545	8776	3e-97	 351
mattis	spelta	93.97	232	14	0	8545	8776	13483	13714	3e-97	 351
mattis	arinalrfor	100.00	11313	0	0	331	11643	331	11643	0.0	2.089e+04
mattis	arinalrfor	100.00	5261	0	0	11701	16961	11695	16955	0.0	9716
mattis	arinalrfor	93.97	232	14	0	13533	13764	8545	8776	3e-97	 351
mattis	arinalrfor	93.97	232	14	0	8545	8776	13527	13758	3e-97	 351
mattis	arinalrfor	100.00	150	0	0	1	150	77	226	6e-75	 278
mattis	jagger	100.00	11310	0	0	324	11633	324	11633	0.0	2.089e+04
mattis	jagger	100.00	5239	0	0	11723	16961	11851	17089	0.0	9675
mattis	jagger	93.97	232	14	0	13533	13764	8545	8776	3e-97	 351
mattis	jagger	93.97	232	14	0	8545	8776	13661	13892	3e-97	 351
mattis	jagger	100.00	106	0	0	27	132	1	106	2e-50	 196
mattis	julius	100.00	11309	0	0	325	11633	325	11633	0.0	2.088e+04
mattis	julius	100.00	5218	0	0	11744	16961	11778	16995	0.0	9636
mattis	julius	93.97	232	14	0	13533	13764	8545	8776	3e-97	 351
mattis	julius	93.97	232	14	0	8545	8776	13567	13798	3e-97	 351
mattis	julius	100.00	67	0	0	69	135	1	67	8e-29	 124
mattis	norin61	99.96	11320	2	1	324	11643	327	11643	0.0	2.087e+04
mattis	norin61	100.00	5261	0	0	11701	16961	11651	16911	0.0	9716
mattis	norin61	93.97	232	14	0	13533	13764	8545	8776	3e-97	 351
mattis	norin61	93.97	232	14	0	8545	8776	13483	13714	3e-97	 351
mattis	norin61	100.00	143	0	0	1	143	87	229	5e-71	 265
mattis	stanley	100.00	11295	0	0	343	11637	343	11637	0.0	2.086e+04
mattis	stanley	100.00	5228	0	0	11734	16961	11983	17210	0.0	9655
mattis	stanley	93.97	232	14	0	13533	13764	8545	8776	3e-97	 351
mattis	stanley	93.97	232	14	0	8545	8776	13782	14013	3e-97	 351
mattis	stanley	100.00	146	0	0	1	146	41	186	1e-72	 270
mattis	mace	99.98	11298	2	0	324	11621	324	11621	0.0	2.085e+04
mattis	mace	99.98	5260	1	0	11702	16961	11665	16924	0.0	9708
mattis	mace	93.97	232	14	0	13533	13764	8545	8776	3e-97	 351
mattis	mace	93.97	232	14	0	8545	8776	13496	13727	3e-97	 351
mattis	mace	100.00	161	0	0	1	161	30	190	5e-81	 298
mattis	IWGSC	99.69	11322	28	7	324	11643	325	11641	0.0	2.071e+04
mattis	IWGSC	99.63	1887	7	0	15075	16961	12023	13909	0.0	3446
mattis	IWGSC	99.47	380	2	0	11701	12080	11645	12024	0.0	 691
mattis	IWGSC	93.97	232	14	0	13533	13764	8543	8774	3e-97	 351
mattis	lancer	99.40	11332	51	10	324	11643	324	11650	0.0	2.053e+04
mattis	lancer	99.26	5263	33	4	11701	16959	11658	16918	0.0	9498
mattis	lancer	93.97	232	14	0	13533	13764	8552	8783	3e-97	 351
mattis	lancer	93.10	232	16	0	8545	8776	13491	13722	7e-94	 340
mattis	lancer	91.93	161	1	2	1	161	58	206	5e-56	 215
IWGSC	IWGSC	100.00	13909	0	0	1	13909	1	13909	0.0	2.569e+04
IWGSC	spelta	99.67	11736	28	8	298	12024	297	12030	0.0	2.145e+04
IWGSC	spelta	99.63	1887	7	0	12023	13909	15025	16911	0.0	3446
IWGSC	spelta	93.97	232	14	0	8543	8774	13483	13714	3e-97	 351
IWGSC	norin61	99.63	11725	29	9	309	12024	311	12030	0.0	2.140e+04
IWGSC	norin61	99.63	1887	7	0	12023	13909	15025	16911	0.0	3446
IWGSC	norin61	93.97	232	14	0	8543	8774	13483	13714	3e-97	 351
IWGSC	lancer	99.37	11740	53	11	303	12024	302	12038	0.0	2.125e+04
IWGSC	lancer	98.83	1888	18	2	12023	13907	15032	16918	0.0	3362
IWGSC	lancer	93.10	232	16	0	8543	8774	13491	13722	6e-94	 340
IWGSC	landmark	99.69	11329	28	7	321	11644	320	11646	0.0	2.072e+04
IWGSC	landmark	99.63	1887	7	0	12023	13909	15314	17200	0.0	3446
IWGSC	landmark	99.72	359	1	0	11666	12024	11961	12319	0.0	 658
IWGSC	landmark	93.97	232	14	0	8543	8774	13772	14003	3e-97	 351
IWGSC	mattis	99.69	11322	28	7	325	11641	324	11643	0.0	2.071e+04
IWGSC	mattis	99.63	1887	7	0	12023	13909	15075	16961	0.0	3446
IWGSC	mattis	99.47	380	2	0	11645	12024	11701	12080	0.0	 691
IWGSC	mattis	93.97	232	14	0	8543	8774	13533	13764	3e-97	 351
IWGSC	jagger	99.69	11320	28	7	317	11631	316	11633	0.0	2.070e+04
IWGSC	jagger	99.63	1887	7	0	12023	13909	15203	17089	0.0	3446
IWGSC	jagger	99.72	358	1	0	11667	12024	11851	12208	0.0	 656
IWGSC	jagger	93.97	232	14	0	8543	8774	13661	13892	3e-97	 351
IWGSC	arinalrfor	99.69	11316	28	7	332	11642	331	11644	0.0	2.070e+04
IWGSC	arinalrfor	99.63	1887	7	0	12023	13909	15069	16955	0.0	3446
IWGSC	arinalrfor	99.48	382	1	1	11644	12024	11693	12074	0.0	 693
IWGSC	arinalrfor	93.97	232	14	0	8543	8774	13527	13758	3e-97	 351
IWGSC	mace	99.69	11312	28	7	313	11619	312	11621	0.0	2.069e+04
IWGSC	mace	99.63	1887	7	0	12023	13909	15038	16924	0.0	3446
IWGSC	mace	99.47	379	2	0	11646	12024	11665	12043	0.0	 689
IWGSC	mace	93.97	232	14	0	8543	8774	13496	13727	3e-97	 351
IWGSC	julius	99.69	11311	28	7	326	11631	325	11633	0.0	2.069e+04
IWGSC	julius	99.63	1887	7	0	12023	13909	15109	16995	0.0	3446
IWGSC	julius	99.70	337	1	0	11688	12024	11778	12114	3e-177	 617
IWGSC	julius	93.97	232	14	0	8543	8774	13567	13798	3e-97	 351
IWGSC	stanley	99.69	11297	28	7	344	11635	343	11637	0.0	2.066e+04
IWGSC	stanley	99.63	1887	7	0	12023	13909	15324	17210	0.0	3446
IWGSC	stanley	99.71	347	1	0	11678	12024	11983	12329	0.0	 636
IWGSC	stanley	93.97	232	14	0	8543	8774	13782	14013	3e-97	 351
julius	julius	100.00	16995	0	0	1	16995	1	16995	0.0	3.138e+04
julius	julius	93.97	232	14	0	13567	13798	8545	8776	3e-97	 351
julius	julius	93.97	232	14	0	8545	8776	13567	13798	3e-97	 351
julius	jagger	100.00	11453	0	0	325	11777	325	11777	0.0	2.115e+04
julius	jagger	100.00	5218	0	0	11778	16995	11872	17089	0.0	9636
julius	jagger	93.97	232	14	0	13567	13798	8545	8776	3e-97	 351
julius	jagger	93.97	232	14	0	8545	8776	13661	13892	3e-97	 351
julius	jagger	100.00	64	0	0	1	64	43	106	4e-27	 119
julius	landmark	100.00	11309	0	0	325	11633	325	11633	0.0	2.088e+04
julius	landmark	100.00	5218	0	0	11778	16995	11983	17200	0.0	9636
julius	landmark	93.97	232	14	0	13567	13798	8545	8776	3e-97	 351
julius	landmark	93.97	232	14	0	8545	8776	13772	14003	3e-97	 351
julius	landmark	100.00	67	0	0	1	67	72	138	8e-29	 124
julius	mattis	100.00	11309	0	0	325	11633	325	11633	0.0	2.088e+04
julius	mattis	100.00	5218	0	0	11778	16995	11744	16961	0.0	9636
julius	mattis	93.97	232	14	0	13567	13798	8545	8776	3e-97	 351
julius	mattis	93.97	232	14	0	8545	8776	13533	13764	3e-97	 351
julius	mattis	100.00	67	0	0	1	67	69	135	8e-29	 124
julius	spelta	99.99	11309	1	0	325	11633	325	11633	0.0	2.088e+04
julius	spelta	100.00	5218	0	0	11778	16995	11694	16911	0.0	9636
julius	spelta	93.97	232	14	0	13567	13798	8545	8776	3e-97	 351
julius	spelta	93.97	232	14	0	8545	8776	13483	13714	3e-97	 351
julius	arinalrfor	100.00	11303	0	0	331	11633	331	11633	0.0	2.087e+04
julius	arinalrfor	100.00	5218	0	0	11778	16995	11738	16955	0.0	9636
julius	arinalrfor	93.97	232	14	0	13567	13798	8545	8776	3e-97	 351
julius	arinalrfor	93.97	232	14	0	8545	8776	13527	13758	3e-97	 351
julius	arinalrfor	100.00	67	0	0	1	67	145	211	8e-29	 124
julius	norin61	99.96	11309	2	1	325	11633	328	11633	0.0	2.085e+04
julius	norin61	100.00	5218	0	0	11778	16995	11694	16911	0.0	9636
julius	norin61	93.97	232	14	0	13567	13798	8545	8776	3e-97	 351
julius	norin61	93.97	232	14	0	8545	8776	13483	13714	3e-97	 351
julius	norin61	100.00	67	0	0	1	67	155	221	8e-29	 124
julius	stanley	100.00	11291	0	0	343	11633	343	11633	0.0	2.085e+04
julius	stanley	100.00	5218	0	0	11778	16995	11993	17210	0.0	9636
julius	stanley	93.97	232	14	0	13567	13798	8545	8776	3e-97	 351
julius	stanley	93.97	232	14	0	8545	8776	13782	14013	3e-97	 351
julius	stanley	100.00	67	0	0	1	67	109	175	8e-29	 124
julius	mace	99.98	11297	2	0	325	11621	325	11621	0.0	2.085e+04
julius	mace	99.98	5218	1	0	11778	16995	11707	16924	0.0	9631
julius	mace	93.97	232	14	0	13567	13798	8545	8776	3e-97	 351
julius	mace	93.97	232	14	0	8545	8776	13496	13727	3e-97	 351
julius	mace	100.00	67	0	0	1	67	98	164	8e-29	 124
julius	IWGSC	99.69	11311	28	7	325	11633	326	11631	0.0	2.069e+04
julius	IWGSC	99.63	1887	7	0	15109	16995	12023	13909	0.0	3446
julius	IWGSC	99.70	337	1	0	11778	12114	11688	12024	3e-177	 617
julius	IWGSC	93.97	232	14	0	13567	13798	8543	8774	3e-97	 351
julius	lancer	99.40	11321	51	10	325	11633	325	11640	0.0	2.051e+04
julius	lancer	99.27	5219	33	3	11778	16993	11702	16918	0.0	9422
julius	lancer	93.97	232	14	0	13567	13798	8552	8783	3e-97	 351
julius	lancer	93.10	232	16	0	8545	8776	13491	13722	7e-94	 340
julius	lancer	100.00	67	0	0	1	67	114	180	8e-29	 124
stanley	stanley	100.00	17210	0	0	1	17210	1	17210	0.0	3.178e+04
stanley	stanley	93.97	232	14	0	13782	14013	8545	8776	3e-97	 351
stanley	stanley	93.97	232	14	0	8545	8776	13782	14013	3e-97	 351
stanley	landmark	100.00	11295	0	0	343	11637	343	11637	0.0	2.086e+04
stanley	landmark	100.00	5228	0	0	11983	17210	11973	17200	0.0	9655
stanley	landmark	93.97	232	14	0	13782	14013	8545	8776	3e-97	 351
stanley	landmark	93.97	232	14	0	8545	8776	13772	14003	3e-97	 351
stanley	landmark	100.00	141	0	0	38	178	1	141	6e-70	 261
stanley	mattis	100.00	11295	0	0	343	11637	343	11637	0.0	2.086e+04
stanley	mattis	100.00	5228	0	0	11983	17210	11734	16961	0.0	9655
stanley	mattis	93.97	232	14	0	13782	14013	8545	8776	3e-97	 351
stanley	mattis	93.97	232	14	0	8545	8776	13533	13764	3e-97	 351
stanley	mattis	100.00	146	0	0	41	186	1	146	1e-72	 270
stanley	arinalrfor	100.00	11295	0	0	343	11637	343	11637	0.0	2.086e+04
stanley	arinalrfor	100.00	5228	0	0	11983	17210	11728	16955	0.0	9655
stanley	arinalrfor	93.97	232	14	0	13782	14013	8545	8776	3e-97	 351
stanley	arinalrfor	93.97	232	14	0	8545	8776	13527	13758	3e-97	 351
stanley	arinalrfor	100.00	186	0	0	1	186	37	222	6e-95	 344
stanley	spelta	99.99	11295	1	0	343	11637	343	11637	0.0	2.085e+04
stanley	spelta	100.00	5228	0	0	11983	17210	11684	16911	0.0	9655
stanley	spelta	93.97	232	14	0	13782	14013	8545	8776	3e-97	 351
stanley	spelta	93.97	232	14	0	8545	8776	13483	13714	3e-97	 351
stanley	jagger	100.00	11291	0	0	343	11633	343	11633	0.0	2.085e+04
stanley	jagger	100.00	5228	0	0	11983	17210	11862	17089	0.0	9655
stanley	jagger	93.97	232	14	0	13782	14013	8545	8776	3e-97	 351
stanley	jagger	93.97	232	14	0	8545	8776	13661	13892	3e-97	 351
stanley	jagger	100.00	106	0	0	67	172	1	106	2e-50	 196
stanley	julius	100.00	11291	0	0	343	11633	343	11633	0.0	2.085e+04
stanley	julius	100.00	5218	0	0	11993	17210	11778	16995	0.0	9636
stanley	julius	93.97	232	14	0	13782	14013	8545	8776	3e-97	 351
stanley	julius	93.97	232	14	0	8545	8776	13567	13798	3e-97	 351
stanley	julius	100.00	67	0	0	109	175	1	67	8e-29	 124
stanley	norin61	99.96	11295	2	1	343	11637	346	11637	0.0	2.083e+04
stanley	norin61	100.00	5228	0	0	11983	17210	11684	16911	0.0	9655
stanley	norin61	93.97	232	14	0	13782	14013	8545	8776	3e-97	 351
stanley	norin61	93.97	232	14	0	8545	8776	13483	13714	3e-97	 351
stanley	norin61	100.00	183	0	0	1	183	47	229	3e-93	 339
stanley	mace	99.98	11279	2	0	343	11621	343	11621	0.0	2.082e+04
stanley	mace	99.98	5228	1	0	11983	17210	11697	16924	0.0	9649
stanley	mace	93.97	232	14	0	13782	14013	8545	8776	3e-97	 351
stanley	mace	93.97	232	14	0	8545	8776	13496	13727	3e-97	 351
stanley	mace	100.00	175	0	0	12	186	1	175	8e-89	 324
stanley	IWGSC	99.69	11297	28	7	343	11637	344	11635	0.0	2.066e+04
stanley	IWGSC	99.63	1887	7	0	15324	17210	12023	13909	0.0	3446
stanley	IWGSC	99.71	347	1	0	11983	12329	11678	12024	0.0	 636
stanley	IWGSC	93.97	232	14	0	13782	14013	8543	8774	3e-97	 351
stanley	lancer	99.40	11307	51	10	343	11637	343	11644	0.0	2.049e+04
stanley	lancer	99.27	5229	33	3	11983	17208	11692	16918	0.0	9441
stanley	lancer	93.97	232	14	0	13782	14013	8552	8783	3e-97	 351
stanley	lancer	93.10	232	16	0	8545	8776	13491	13722	8e-94	 340
stanley	lancer	93.01	186	1	1	1	186	18	191	6e-70	 261
jagger	jagger	100.00	17089	0	0	1	17089	1	17089	0.0	3.156e+04
jagger	jagger	93.97	232	14	0	13661	13892	8545	8776	3e-97	 351
jagger	jagger	93.97	232	14	0	8545	8776	13661	13892	3e-97	 351
jagger	julius	100.00	11453	0	0	325	11777	325	11777	0.0	2.115e+04
jagger	julius	100.00	5218	0	0	11872	17089	11778	16995	0.0	9636
jagger	julius	93.97	232	14	0	13661	13892	8545	8776	3e-97	 351
jagger	julius	93.97	232	14	0	8545	8776	13567	13798	3e-97	 351
jagger	julius	100.00	64	0	0	43	106	1	64	4e-27	 119
jagger	spelta	99.99	11318	1	0	316	11633	316	11633	0.0	2.090e+04
jagger	spelta	100.00	5239	0	0	11851	17089	11673	16911	0.0	9675
jagger	spelta	93.97	232	14	0	13661	13892	8545	8776	3e-97	 351
jagger	spelta	93.97	232	14	0	8545	8776	13483	13714	3e-97	 351
jagger	landmark	100.00	11314	0	0	320	11633	320	11633	0.0	2.089e+04
jagger	landmark	100.00	5239	0	0	11851	17089	11962	17200	0.0	9675
jagger	landmark	93.97	232	14	0	13661	13892	8545	8776	3e-97	 351
jagger	landmark	93.97	232	14	0	8545	8776	13772	14003	3e-97	 351
jagger	landmark	100.00	106	0	0	1	106	30	135	2e-50	 196
jagger	mattis	100.00	11310	0	0	324	11633	324	11633	0.0	2.089e+04
jagger	mattis	100.00	5239	0	0	11851	17089	11723	16961	0.0	9675
jagger	mattis	93.97	232	14	0	13661	13892	8545	8776	3e-97	 351
jagger	mattis	93.97	232	14	0	8545	8776	13533	13764	3e-97	 351
jagger	mattis	100.00	106	0	0	1	106	27	132	2e-50	 196
jagger	arinalrfor	100.00	11303	0	0	331	11633	331	11633	0.0	2.087e+04
jagger	arinalrfor	100.00	5239	0	0	11851	17089	11717	16955	0.0	9675
jagger	arinalrfor	93.97	232	14	0	13661	13892	8545	8776	3e-97	 351
jagger	arinalrfor	93.97	232	14	0	8545	8776	13527	13758	3e-97	 351
jagger	arinalrfor	100.00	106	0	0	1	106	103	208	2e-50	 196
jagger	norin61	99.96	11318	2	1	316	11633	319	11633	0.0	2.087e+04
jagger	norin61	100.00	5239	0	0	11851	17089	11673	16911	0.0	9675
jagger	norin61	93.97	232	14	0	13661	13892	8545	8776	3e-97	 351
jagger	norin61	93.97	232	14	0	8545	8776	13483	13714	3e-97	 351
jagger	norin61	100.00	106	0	0	1	106	113	218	2e-50	 196
jagger	mace	99.98	11306	2	0	316	11621	316	11621	0.0	2.087e+04
jagger	mace	99.98	5239	1	0	11851	17089	11686	16924	0.0	9670
jagger	mace	93.97	232	14	0	13661	13892	8545	8776	3e-97	 351
jagger	mace	93.97	232	14	0	8545	8776	13496	13727	3e-97	 351
jagger	mace	100.00	106	0	0	1	106	56	161	2e-50	 196
jagger	stanley	100.00	11291	0	0	343	11633	343	11633	0.0	2.085e+04
jagger	stanley	100.00	5228	0	0	11862	17089	11983	17210	0.0	9655
jagger	stanley	93.97	232	14	0	13661	13892	8545	8776	3e-97	 351
jagger	stanley	93.97	232	14	0	8545	8776	13782	14013	3e-97	 351
jagger	stanley	100.00	106	0	0	1	106	67	172	2e-50	 196
jagger	IWGSC	99.69	11320	28	7	316	11633	317	11631	0.0	2.070e+04
jagger	IWGSC	99.63	1887	7	0	15203	17089	12023	13909	0.0	3446
jagger	IWGSC	99.72	358	1	0	11851	12208	11667	12024	0.0	 656
jagger	IWGSC	93.97	232	14	0	13661	13892	8543	8774	3e-97	 351
jagger	lancer	99.40	11330	51	10	316	11633	316	11640	0.0	2.053e+04
jagger	lancer	99.27	5240	33	3	11851	17087	11681	16918	0.0	9461
jagger	lancer	93.97	232	14	0	13661	13892	8552	8783	3e-97	 351
jagger	lancer	93.10	232	16	0	8545	8776	13491	13722	7e-94	 340
jagger	lancer	100.00	67	0	0	40	106	111	177	8e-29	 124
landmark	landmark	100.00	17200	0	0	1	17200	1	17200	0.0	3.176e+04
landmark	landmark	93.97	232	14	0	13772	14003	8545	8776	3e-97	 351
landmark	landmark	93.97	232	14	0	8545	8776	13772	14003	3e-97	 351
landmark	spelta	99.99	11327	1	0	320	11646	320	11646	0.0	2.091e+04
landmark	spelta	100.00	5240	0	0	11961	17200	11672	16911	0.0	9677
landmark	spelta	93.97	232	14	0	13772	14003	8545	8776	3e-97	 351
landmark	spelta	93.97	232	14	0	8545	8776	13483	13714	3e-97	 351
landmark	mattis	100.00	11320	0	0	324	11643	324	11643	0.0	2.091e+04
landmark	mattis	100.00	5240	0	0	11961	17200	11722	16961	0.0	9677
landmark	mattis	93.97	232	14	0	13772	14003	8545	8776	3e-97	 351
landmark	mattis	93.97	232	14	0	8545	8776	13533	13764	3e-97	 351
landmark	mattis	100.00	138	0	0	4	141	1	138	3e-68	 255
landmark	jagger	100.00	11314	0	0	320	11633	320	11633	0.0	2.089e+04
landmark	jagger	100.00	5239	0	0	11962	17200	11851	17089	0.0	9675
landmark	jagger	93.97	232	14	0	13772	14003	8545	8776	3e-97	 351
landmark	jagger	93.97	232	14	0	8545	8776	13661	13892	3e-97	 351
landmark	jagger	100.00	106	0	0	30	135	1	106	2e-50	 196
landmark	arinalrfor	100.00	11314	0	0	331	11644	331	11644	0.0	2.089e+04
landmark	arinalrfor	100.00	5240	0	0	11961	17200	11716	16955	0.0	9677
landmark	arinalrfor	93.97	232	14	0	13772	14003	8545	8776	3e-97	 351
landmark	arinalrfor	93.97	232	14	0	8545	8776	13527	13758	3e-97	 351
landmark	arinalrfor	100.00	141	0	0	1	141	74	214	6e-70	 261
landmark	norin61	99.96	11327	2	1	320	11646	323	11646	0.0	2.089e+04
landmark	norin61	100.00	5240	0	0	11961	17200	11672	16911	0.0	9677
landmark	norin61	93.97	232	14	0	13772	14003	8545	8776	3e-97	 351
landmark	norin61	93.97	232	14	0	8545	8776	13483	13714	3e-97	 351
landmark	norin61	100.00	141	0	0	1	141	84	224	6e-70	 261
landmark	julius	100.00	11309	0	0	325	11633	325	11633	0.0	2.088e+04
landmark	julius	100.00	5218	0	0	11983	17200	11778	16995	0.0	9636
landmark	julius	93.97	232	14	0	13772	14003	8545	8776	3e-97	 351
landmark	julius	93.97	232	14	0	8545	8776	13567	13798	3e-97	 351
landmark	julius	100.00	67	0	0	72	138	1	67	8e-29	 124
landmark	mace	99.98	11302	2	0	320	11621	320	11621	0.0	2.086e+04
landmark	mace	99.98	5240	1	0	11961	17200	11685	16924	0.0	9672
landmark	mace	93.97	232	14	0	13772	14003	8545	8776	3e-97	 351
landmark	mace	93.97	232	14	0	8545	8776	13496	13727	3e-97	 351
landmark	mace	100.00	141	0	0	1	141	27	167	6e-70	 261
landmark	stanley	100.00	11295	0	0	343	11637	343	11637	0.0	2.086e+04
landmark	stanley	100.00	5228	0	0	11973	17200	11983	17210	0.0	9655
landmark	stanley	93.97	232	14	0	13772	14003	8545	8776	3e-97	 351
landmark	stanley	93.97	232	14	0	8545	8776	13782	14013	3e-97	 351
landmark	stanley	100.00	141	0	0	1	141	38	178	6e-70	 261
landmark	IWGSC	99.69	11329	28	7	320	11646	321	11644	0.0	2.072e+04
landmark	IWGSC	99.63	1887	7	0	15314	17200	12023	13909	0.0	3446
landmark	IWGSC	99.72	359	1	0	11961	12319	11666	12024	0.0	 658
landmark	IWGSC	93.97	232	14	0	13772	14003	8543	8774	3e-97	 351
landmark	lancer	99.40	11339	51	10	320	11646	320	11653	0.0	2.055e+04
landmark	lancer	99.27	5241	33	3	11961	17198	11680	16918	0.0	9463
landmark	lancer	93.97	232	14	0	13772	14003	8552	8783	3e-97	 351
landmark	lancer	93.10	232	16	0	8545	8776	13491	13722	8e-94	 340
landmark	lancer	90.78	141	1	2	1	141	55	183	6e-45	 178
